29.6455699778263
29.6455699778263
29.6455699778263
29.6455699778263
29.6455699778263
29.6455699778263
29.6455699778263
29.6455699778263
29.6455699778263
29.6455699778263
29.6455699778263
29.6455699778263
29.6455699778263
29.6455699778263
29.6455699778263
29.6455699778263
29.6455699778263
29.6455699778263
29.6455699778263
29.6455699778263
29.6455699778263
29.6455699778263
29.6455699778263
29.6455699778263

0.908960499356563
0.834974846782357
0.812676513341247
0.829673782603520
0.928361894515041
0.882408059598970
0.858297600087437
0.904409501615546
0.830738780988677
0.816512546349099
0.885923097089423
0.837326362558276
0.932554158264511
0.887587553165588
0.846016663581669
0.840490152135716
0.869090977023443
0.864052507224027
0.894486673413733
0.817798753958941
0.868313297439925
0.857630359020351
0.822368184260350
0.871982263322292